[[ 1.       -0.006427  0.      ]
 [ 0.       -0.995291  0.      ]
 [ 0.        0.       -0.93503 ]]

[[-0.011127  0.995301  0.      ]
 [-0.999938 -0.004647  0.      ]
 [ 0.        0.        0.93503 ]]

[[ 0.999817  0.012596  0.      ]
 [-0.019113  0.995232  0.      ]
 [ 0.        0.        0.93503 ]]

[[ 0.007987  0.995208  0.      ]
 [ 0.999968 -0.014376  0.      ]
 [ 0.        0.       -0.93503 ]]

[[ 1.       -0.006427  0.      ]
 [ 0.       -0.995291  0.      ]
 [ 0.        0.       -0.93503 ]]

